0.729552152365479434
0.488693277348616284
1.39922992532480928
-0.994985905824123162
-2.59135234443916884
-1.62767347841966115
-0.529994087059188934
-1.67259775463608307
-2.77333283720512069
2.00009724393309485
4.52000696391800982
-0.0744677388059471618
-0.320536949115278746
-0.96649181247648186
0.0200562138639110016
-0.365614192336050636
-0.526082201884618184
-0.0856474800432169697
0.279829009955117947
-0.0493003415103653864
0.222974355283160869
-0.773947329934328021
-0.0678279590117654985
1.21958716279456492
0.898343035322264671
0.133453739406338867
-1.00093537925161047
-0.0203889384287963271
-0.0206241225911079872
0.416983581233215828
-0.500308997680409817
-0.511696187063464536
0.024233602393340329
0.976654995217647981
0.315389911452781779
-0.756038601200306415
-0.613230545359863988
0.604512214255137903
0.939239695523225948
0.97756125008158401
-0.119497955663019115
0.715258907337387617
-0.135943290287559887
0.310544263360625294
0.709035300894227172
0.727602451416600626
0.466996642653285721
-0.281237214251558176


0.425763725699636719
-0.619861445966978897
0.184911648915067062
